# Created by Octave 3.8.0, Sun Nov 25 12:47:00 2018 MST <gleon@C02SN2YLH03Q---R000505>
# name: v
# type: matrix
# rows: 1
# columns: 7
 1 2 3 4 5 6 7


